m11=1.2*10^5;m22=1.779*10^5;m33=6.36*10^7;
d11=2.15*10^4;d22=1.47*10^5;d33=8.02*10^6;
M=diag([m11,m22,m33]);
D=diag([d11,d22,d33]);
% K01=diag([4,4,4]);
% K01=diag([10,5,10]);
% K02=diag([10,5,10]);
% K03=diag([10,5,10]);

% K01=diag([5,3,10]);
% K02=diag([5,3,10]);
% K03=diag([5,3,10]);

% K01=diag([10,10,10]);%此参数最好
% K02=diag([10,10,10]);
% K03=diag([10,10,10]);

K01=diag([6,6,6]); % 观测器参数 带宽h  beta
K02=diag([8,8,8]);
K03=diag([16,16,16]);

% K01=diag([10,4,4]);
% K02=diag([10,4,4]);
% K03=diag([10,4,4]);

% K01=diag([6,11,6]);
% K02=diag([6,11,6]);
% K03=diag([6,11,6]);