m11=1.2*10^5;m22=1.779*10^5;m33=6.36*10^7;
d11=2.15*10^4;d22=1.47*10^5;d33=8.02*10^6;
M=diag([m11,m22,m33]);
D=diag([d11,d22,d33]);
K01=diag([1,1,1]);
% K01=diag([4,4,4]);